2.562217134999325907e+01
6.381441726650244561e+01
5.004930669565068513e+01
2.149720358721721070e+01
3.013117330822009166e+01
3.513036947267333687e+01
7.347880345337479469e+01
4.197903601195120160e+01
2.316936915294935417e+01
5.938058119789238276e+01
4.063528824558503061e+01
3.452306573278816870e+01
3.027835949389478998e+01
2.684973610561245749e+01
3.892715639232802260e+01
6.201826523243732936e+01
2.041395896223574269e+01
3.681166963792895075e+01
2.804401592205828209e+01
3.395112457323256194e+01
3.409160639936062864e+01
2.902457581149893429e+01
2.615283204195485212e+01
5.897804726365394323e+00
3.265194757735743281e+01
2.361217235219361044e+01
6.143179254083408125e+01
2.625512987116530184e+01
1.742955689835002531e+01
3.683981694517584060e+01
4.146390850737779488e+01
5.704321712108932729e+01
4.212010646742140807e+01
8.843213547467229318e+00
2.587372797816270520e+01
5.510630981826423636e+00
2.497059032946278023e+01
1.604554287600129570e+01
2.359800551539312252e+01
2.232466061415556524e+01
2.998279875412401196e+01
3.373189605733568897e+01
3.893182923919410143e+01
3.108247702233914112e+01
2.558303569663442900e+01
5.040423855199966141e+01
3.921801891766807557e+01
2.460901572000478410e+01
1.943180430669172409e+01
3.489158404974906347e+01
3.588838312063339231e+01
2.813781620451266008e+01
2.794994509758728540e+01
4.171800995398226775e+01
6.026350210690489462e+01
3.939840791787062102e+01
3.049512141293593359e+01
4.672714540265222638e+01
2.430532999715843800e+01
3.758359395384989909e+01
4.857444625450630582e+01
2.459635094618706574e+01
4.417730090002569909e+01
3.663563892026855484e+01
5.500052579313172174e+01
3.774848295510018659e+01
3.095630561766810729e+01
2.958031040212323504e+01
4.163262600175649197e+01
5.487803574366519399e+01
2.725283361426354745e+01
2.782014255069329778e+01
2.283610634639709502e+01
2.394608767622346335e+01
3.156406635374997904e+01
5.508975109786175217e+00
2.468921460140715496e+01
3.974000975131635727e+01
3.077850909841417248e+01
6.012916153906343197e+01
3.147766071532500831e+01
2.171588793559280361e+01
3.090721949623452502e+01
2.358337639477166547e+01
4.374896291762794220e+01
4.044744114519069456e+01
3.577085605058213957e+01
6.927632929533008621e+01
2.532400343373342366e+01
3.191027729118225054e+01
6.625405461169583532e+01
1.891767273675559125e+01
4.513487982071785609e+01
3.603648644210846896e+01
2.414156834585898537e+01
2.773318820207481039e+01
6.453095715218033490e+01
6.525548478319721823e+01
2.600408230302207002e+01
1.111636155521734892e+01
3.066630678423147316e+01
5.402262527578164253e+01
4.239164764862434254e+01
2.932423099360291019e+01
3.188920581645111696e+01
4.302141238958101610e+01
3.521722992435800137e+01
2.832625843045544300e+01
3.090056176356818085e+01
1.207252944756770319e+01
2.594271325952649576e+01
3.152392337949226686e+01
7.141902437712125185e+00
2.902461765502241775e+01
2.596858043990576093e+01
2.242763569745032726e+01
3.639470879486758292e+01
3.003491723348925646e+01
1.118050663483259299e+01
6.377348085637778041e+01
6.045400902872810178e+01
4.290539713827700297e+01
2.228000881113624487e+01
4.371850903414004819e+01
2.341558923430604722e+01
3.735119507102670866e+01
4.236719227312021729e+01
3.455101555204879560e+01
3.321624154592108624e+01
2.730445234999078252e+01
4.747471060361841921e+01
2.660580146773221344e+01
5.116433901376649374e+01
6.749130026468061772e+01
3.596409311417793475e+01
2.268831665654093044e+01
3.425130466898487924e+01
5.196741393504754569e+01
2.335876944164233038e+01
3.642596385878317022e+01
2.897054844502988047e+01
4.692931245222679237e+00
2.823746785405409909e+01
2.888614411506226531e+01
2.769346080788622189e+01
9.165273566216018963e+00
4.213783786842157042e+01
3.459680365784300449e+01
3.711241348467404322e+01
5.278768046694232652e+01
3.032818483205831228e+01
3.714671994012785206e+01
3.112090535173441097e+01
2.710464332432228574e+01
3.838076320015469634e+01
3.387139091171064109e+01
6.695426069629027666e+01
2.831694711443546808e+01
4.545381625984227725e+01
6.373906578630899844e+01
2.075121434956784228e+01
3.519596143692014323e+01
5.370613715983186864e+01
6.757613909754702775e+01
2.027532301311319074e+01
5.566956336195727317e+01
6.707793521461807984e+01
4.300485927678465714e+01
3.067300363397326990e+01
5.853191867152779082e+01
2.329548737356104837e+01
2.187961396906228728e+01
2.311193359748237697e+01
3.992676383703076226e+01
4.864760906405190610e+01
2.182866217992845037e+01
5.667220048926509435e+01
2.248292305935666135e+01
1.915948412893185093e+01
4.187562435625200585e+00
2.993644864874012157e+01
6.073122587801225336e+01
4.295000764825484652e+01
3.282440244961188824e+01
2.711862843856120264e+01
4.297564241196965185e+01
4.288627981909947806e+01
1.955781403643795047e+00
2.548580313099868633e+01
4.200429719102940140e+01
2.712917508972156710e+01
2.563713561404227903e+01
4.014810914621589433e+01
6.997813027808854258e+01
4.400694316768976222e+01
6.769379912456619763e+01
5.639039471346007559e+01
5.368121123112268833e+01
2.785567399914618392e+01
2.877699028919910162e+01
4.180580379625124721e+01
2.896753949779760617e+01
2.674439110193524272e+01
2.802269258194031920e+01
2.671225538256348386e+01
2.085330411894540958e+01
2.681098709693787185e+01
1.947686590935181172e+01
2.381513869057599919e+01
2.775325658863627254e+01
4.786128491845892796e+01
6.071286214248041091e+01
3.563608634365172634e+01
2.478692527347203267e+01
4.310253840066609854e+01
3.688666192450726555e+01
3.996933760720968110e+01
5.018801991440825105e+01
2.846083614332622247e+01
2.342112248545411290e+01
1.262721170123309200e+01
4.909017343136761014e+01
3.426562373218268931e+01
3.715973584799700546e+01
3.202248176297327120e+01
3.825642954584008493e+01
3.440227139743385010e+01
2.453422600018409483e+01
5.282141142599756023e+01
4.108905168540238151e+01
3.006158660731362176e+01
2.604776438227329649e+01
3.449849987259433703e+01
2.557604129295684103e+01
2.241607018146974895e+01
3.693924173663125998e+01
4.525742876503205991e+01
2.894494596527475494e+01
2.681034268918496721e+01
4.021341023582382945e+01
3.000057714858165170e+01
1.880014875594790880e+01
4.213753748167086854e+01
2.548496136965551173e+01
2.337104549461349734e+01
3.632510044190243548e+01
3.336668649562752620e+01
3.940256973292267872e+01
3.649607258292058987e+01
2.594527054731103277e+01
3.358426416723110464e+01
1.992507349018596230e+01
2.316058132005866810e+01
5.413963893810782935e+01
3.790426563816864558e+01
2.652903024838930790e+01
3.221800709689016173e+01
1.762098882225403429e+01
3.192984929729170673e+01
3.914033737342791852e+01
2.372566775270720640e+01
3.656732194522020052e+01
3.285066031942636045e+01
2.541967300667693763e+01
2.316287875410138497e+01
3.836510687515725948e+01
2.373268961234128582e+01
5.587213306435422311e+01
6.120201087840436571e+01
5.823043579328437147e+01
2.457194477582135406e+01
2.631068327286827113e+01
4.071154165071257580e+01
2.283467755467502514e+01
3.737322808275214214e+01
7.431298843873883619e+00
2.798253318219700603e+01
3.476641173591455214e+01
5.245739451376410045e+01
2.544152270577097497e+01
3.787478047137553006e+01
5.386428388541013135e+01
3.638245707462537837e+01
1.035590892534031804e+00
4.030818293776753336e+01
2.594014792775187672e+01
2.224428903200669794e+01
2.936827652122722654e+01
6.057268658820877505e+01
3.836686024327025990e+01
3.052808106607497862e+01
3.710351998806840612e+01
5.769467843929916739e+01
2.711720258880189860e+01
2.520751206941193345e+01
4.926398734941496116e+01
3.682476508000709003e+01
4.054616401162409289e+01
2.660048429891616095e+01
1.875504889349940285e+01
2.080782379258840820e+01
3.601377016019973354e+01
5.933502228076115159e+01
3.592125719396999983e+01
2.314644859562305612e+01
4.502492519386446901e+01
2.854904339459544715e+01
2.726275088373154176e+01
3.497638285490821630e+01
2.630730895196475672e+01
2.298829651287337583e+01
2.626924341042044730e+01
4.675195871217187005e+01
5.202416023190196626e+01
2.615884806892516679e+01
2.990965167431583538e+01
2.503806164167698611e+01
2.792673957537058627e+01
5.301502125205087168e+01
6.689854666348308854e+01
2.936133152265806245e+01
2.634944109709287474e+01
6.261004107660368412e+00
3.602104465330791783e+01
4.829785782187168053e+01
2.713108094688093530e+01
6.868227815665092351e+01
5.064626251191199202e+01
3.315431281173968614e+01
3.315804957300251488e+01
2.994389183457636250e+01
6.000969015012575625e+01
4.189272203158419217e+01
3.872253689238576868e+01
5.870387299941447168e+01
4.485260568991734687e+01
5.806671224595299208e+01
2.873051692608706631e+01
4.212079705662603146e+01
5.976580065330323777e+01
2.691585202711116764e+01
2.632491216340344664e+01
5.191038911474615247e+01
2.892319295843787685e+01
2.646797065881946764e+01
2.997819084981146887e+01
2.134532278461765387e+01
5.433899708024289055e+01
2.875449528002139132e+01
3.094066756517468164e+01
4.312562610067168833e+01
2.095450155642951984e+01
3.419132833522004233e+01
4.312588078727100083e+01
2.710797608960006855e+01
2.366634387087125191e+01
2.657631293819588336e+01
2.182781793646355162e+00
3.414236495836229324e+01
4.662945242193653428e+01
2.601073613730247658e+01
3.163082406663776425e+01
2.548011273633488472e+01
4.083791585000823687e+01
4.331983015343734422e+01
2.534764785210837701e+01
5.275393111704023852e+01
2.667871966871910416e+01
2.761502951710778575e+01
5.605016862334725403e+01
1.914654660190125668e+01
3.811203032583917860e+01
1.829553698031144648e+01
2.540813278693705612e+01
3.395456440039946511e+00
3.537061301740523334e+01
4.340923959714946534e+01
3.418963136231049305e+01
2.531159244950041298e+01
4.967238847203671526e+01
2.370429778256734110e+01
3.180600723960481702e+01
1.783920157094361514e+01
2.243941561511993399e+01
4.344385136089572086e+01
6.486549259982494675e+01
5.309066424045883537e+01
4.377200961937946744e+01
4.396633583770964293e+01
2.445360894814102437e+01
3.064427506463803041e+01
2.655717881880386599e+01
2.120455686569897225e+01
2.575524587083863537e+01
5.483205739550336943e+01
5.720334676570449517e+01
6.164460495258710182e+01
2.142327165361117736e+01
2.398746815398142473e+01
2.628120683177162320e+01
4.274601896254392130e+01
3.929825797036389190e+01
4.272438386351312545e+01
4.019048567714204978e+01
3.116972327289115441e+01
2.353105863790798224e+01
2.745068057164509767e+01
6.123287983294654424e+01
2.826048509749881887e+01
3.133001727902520273e+01
4.187070954092824593e+01
4.578189424813135844e+01
3.674814954436858017e+01
4.807741054052153373e+01
1.947516071483703470e+01
2.914447723606733121e+01
2.639849738998503881e+01
3.415905882545914807e+01
2.687566256613923343e+01
2.887974102466369430e+01
2.573438042138797499e+01
2.060678837980510991e+01
2.124458019849933876e+01
4.538576226201282537e+01
4.572284316285887940e+01
2.516510421580865398e+01
2.946241837669076347e+01
2.064087819338182328e+01
2.066863971479754625e+01
2.996661207192092036e+01
2.561241881907633200e+01
5.410841951140784545e+01
3.710621727019717042e+01
1.830181050955814470e+01
5.586252361285598766e+01
7.440997106585871990e+00
3.931365979305980574e+01
6.246647712962424492e+01
2.401997361885572957e+01
2.455937759715621027e+01
3.521650143997584337e+01
2.716903057380098474e+01
5.809978366368572011e+00
2.724973020541434821e+01
3.487928706812294166e+01
2.685919498251925575e+01
4.486827206272693758e+01
9.970402808332970324e+00
2.956731519178219614e+01
3.093793230163728580e+01
3.432869259313576293e+01
4.785536342759816364e+01
1.751441187170538427e+01
6.463467912414213856e+01
2.434411496645730111e+01
3.868551461030569527e+01
1.987794435343496957e+01
3.195182998034467658e+01
2.151198848312486689e+01
3.210372514644598851e+01
2.326764885659059345e+01
2.482610975288347177e+01
4.377790319874023339e+01
6.731089943774010464e+01
3.929635733827112887e+01
4.537624612511129385e+01
2.447090847835181648e+01
3.253290452220819873e+01
4.821987599420823045e+01
5.570584502720448938e+01
7.093488054622875438e+01
3.732533100724237585e+01
4.885081420299437838e+01
1.897868820568223569e+01
4.479657756269701707e+01
5.226942008413470830e+01
1.912381494759351241e+01
2.931875654195545877e+01
1.504790923389310464e+01
3.179694367575327973e+01
4.134732014065045291e+01
4.429148850913517066e+01
4.480771570761793754e+01
1.855062055587913505e+01
6.861162278292637495e+01
5.453119253181874626e+01
2.956955198854450373e+01
2.211123830115641553e+01
1.574734875139330903e+01
4.169613791382587209e+01
3.087502147835436617e+01
2.362169939259296925e+01
3.786401387642997207e+01
3.859367098920580474e+01
3.510149370711945238e+01
3.279907182756146256e+01
3.586976463083698974e+01
3.332997976978333554e+01
2.510325779904019683e+01
3.891007323974582022e+01
